20
8 1 3 3 3 1 0 1 2
523223149082128364 158568 991720 2994044 1181676 376610494 650869357 336623539 620070320
960043019846431759 9999909 9999991 9999949 9999991 879995513 99999488 349999686 549999505
1585081851 759324 967048 10000000 9999999 610000001 740000000 289999972 979999902
86974256 123456 557 9988776 1025 729181302 409540566 403985 491394225
1530944270 123456 557 9988776 1025 559372110 918968142 802729910 688062000
739825879172045328 2683878 7208112 2912862 8898138 631358954 451401022 51028288 625542185
94563103 1 5 9999949 9999991 419997859 389998009 149999866 279999748
982749972374309079 999999 12347 9699690 9748872 698378649 601383688 389954903 155982009
499587295797208700 3469541 1730417 5070929 1825598 855537260 882995491 898204830 34203727
1511881142 123 1 10000000 10000000 1 850000000 360000001 470000002
1581945094 9999991 1 9999991 9999989 159999857 489999556 549999396 719999209
940978906345340844 759324 967048 10000000 9999999 810000001 650000000 59999995 259999974
70413132 123 1 10000000 10000000 20000001 190000000 90000001 360000002
34468440 999999 12347 9699690 9748872 378288879 843875938 672672191 643425609
1907526817 102400 15000 9699690 9748872 746877099 892374388 458197066 545936889
567365141997043401 3960606 1985068 4125828 5630794 76825921 901167353 889742167 772908548
299896237124947938 681206 164538 2280874 981991 416793690 904023823 813682336 774801135
763526783810179646 741864 167766 7315499 3851100 922855524 89780690 441276473 271986168
11 2 3 5 7 11 13 17 19
