0 
0 1000000 
0 2000000 5000000 
0 212000000 234000000 265000000 
0 1000000 241000000 265000000 298000000 
0 1000000 4000000 272000000 298000000 333000000 
0 9000000 16000000 25000000 377000000 409000000 450000000 
0 1000000 16000000 25000000 36000000 416000000 450000000 493000000 
 ------ 
0 
0 1000000 
0 5000000 2000000 
0 212000000 265000000 234000000 
0 25000000 377000000 450000000 409000000 
0 9000000 4000000 272000000 333000000 298000000 
0 16000000 1000000 36000000 416000000 493000000 450000000 
0 25000000 1000000 16000000 1000000 241000000 298000000 265000000 
 ------ 
