48 => 96, 48, 0, 48, 
29 => 0, 
23 => 0, 
84 => 84, 0, 
54 => 0, 
56 => 0, 
40 => 0, 
66 => 0, 
76 => 0, 
31 => 0, 93, 
8 => 96, 48, 0, 88, 48, 
44 => 0, 88, 
39 => 0, 
26 => 0, 
23 => 0, 
37 => 0, 
38 => 38, 0, 
18 => 18, 0, 
82 => 0, 
29 => 0, 
41 => 0, 
33 => 99, 99, 0, 
15 => 0, 
39 => 0, 
58 => 0, 
4 => 96, 48, 68, 84, 0, 88, 28, 48, 
30 => 0, 
77 => 0, 
6 => 96, 48, 84, 18, 0, 48, 
73 => 0, 
86 => 0, 
21 => 21, 84, 0, 
45 => 0, 
24 => 96, 48, 0, 48, 
72 => 0, 
70 => 0, 
29 => 0, 
77 => 0, 
73 => 0, 
97 => 0, 
12 => 96, 48, 84, 0, 48, 
86 => 0, 
90 => 0, 
61 => 0, 
36 => 0, 
55 => 0, 
67 => 0, 67, 
55 => 0, 
74 => 0, 
31 => 0, 93, 
52 => 0, 
50 => 0, 
50 => 0, 
41 => 0, 
24 => 96, 48, 0, 48, 
66 => 0, 
30 => 0, 
7 => 21, 84, 0, 28, 7, 
91 => 0, 
7 => 21, 84, 0, 28, 7, 
37 => 0, 
57 => 0, 
87 => 0, 
53 => 53, 0, 
83 => 0, 83, 
45 => 0, 
9 => 99, 81, 99, 18, 0, 27, 
9 => 99, 81, 99, 18, 0, 27, 
58 => 0, 
21 => 21, 84, 0, 
88 => 0, 88, 
22 => 0, 88, 
46 => 0, 
6 => 96, 48, 84, 18, 0, 48, 
30 => 0, 
13 => 0, 
68 => 68, 0, 
0 => 0, 
91 => 0, 
62 => 0, 
55 => 0, 
10 => 0, 
59 => 0, 
24 => 96, 48, 0, 48, 
37 => 0, 
48 => 96, 48, 0, 48, 
83 => 0, 83, 
95 => 0, 
41 => 0, 
2 => 96, 48, 68, 84, 34, 18, 38, 0, 88, 28, 48, 
50 => 0, 
91 => 0, 
36 => 0, 
74 => 0, 
Case 1: 15
