10 11
83 86 77 15 93 35 86 92 49 21 62 
27 90 59 63 26 40 26 72 36 11 68 
67 29 82 30 62 23 67 35 29 2 22 
58 69 67 93 56 11 42 29 73 21 19 
84 37 98 24 15 70 13 26 91 80 56 
73 62 70 96 81 5 25 84 27 36 5 
46 29 13 57 24 95 82 45 14 67 34 
64 43 50 87 8 76 78 88 84 3 51 
54 99 32 60 76 68 39 12 26 86 94 
39 95 70 34 78 67 1 97 2 17 92 
50
c 7 6 41
c 10 7 29
q 8 5 10 8
c 10 3 97
q 7 6 9 11
c 5 1 29
c 10 11 15
c 10 3 45
q 2 6 4 7
c 5 7 93
c 5 10 87
q 4 1 7 5
q 7 10 10 10
q 6 4 10 11
q 6 10 8 11
q 9 9 10 11
q 10 5 10 11
c 4 3 4
q 9 2 10 10
c 7 5 83
c 10 2 90
q 10 3 10 5
q 3 9 8 11
c 5 7 28
c 4 11 22
q 1 1 2 4
c 9 5 44
c 3 10 82
c 5 3 0
c 3 6 68
c 4 5 33
q 1 2 10 5
q 7 3 8 6
c 1 8 84
c 1 1 36
c 6 9 87
q 9 2 10 4
c 1 1 1
q 3 3 10 7
q 2 10 3 10
q 8 3 8 5
c 5 10 22
c 7 11 92
q 3 1 4 6
c 10 11 13
q 1 11 1 11
q 10 8 10 8
q 5 7 10 11
c 1 6 79
q 4 7 7 7
