1000
999
997
997
995
995
993
993
991
991
989
989
987
987
985
985
983
983
981
981
979
979
977
977
975
975
973
973
971
971
969
969
967
967
965
965
963
963
961
961
959
959
957
957
955
955
953
953
951
951
949
949
947
947
945
945
943
943
941
941
939
939
937
937
935
935
933
933
931
931
929
929
927
927
925
925
923
923
921
921
919
919
917
917
915
915
913
913
911
911
909
909
907
907
905
905
903
903
901
901
899
899
897
897
895
895
893
893
891
891
889
889
887
887
885
885
883
883
881
881
879
879
877
877
875
875
873
873
871
871
869
869
867
867
865
865
863
863
861
861
859
859
857
857
855
855
853
853
851
851
849
849
847
847
845
845
843
843
841
841
839
839
837
837
835
835
833
833
831
831
829
829
827
827
825
825
823
823
821
821
819
819
817
817
815
815
813
813
811
811
809
809
807
807
805
805
803
803
801
801
799
799
797
797
795
795
793
793
791
791
789
789
787
787
785
785
783
783
781
781
779
779
777
777
775
775
773
773
771
771
769
769
767
767
765
765
763
763
761
761
759
759
757
757
755
755
753
753
751
751
749
749
747
747
745
745
743
743
741
741
739
739
737
737
735
735
733
733
731
731
729
729
727
727
725
725
723
723
721
721
719
719
717
717
715
715
713
713
711
711
709
709
707
707
705
705
703
703
701
701
699
699
697
697
695
695
693
693
691
691
689
689
687
687
685
685
683
683
681
681
679
679
677
677
675
675
673
673
671
671
669
669
667
667
665
665
663
663
661
661
659
659
657
657
655
655
653
653
651
651
649
649
647
647
645
645
643
643
641
641
639
639
637
637
635
635
633
633
631
631
629
629
627
627
625
625
623
623
621
621
619
619
617
617
615
615
613
613
611
611
609
609
607
607
605
605
603
603
601
601
599
599
597
597
595
595
593
593
591
591
589
589
587
587
585
585
583
583
581
581
579
579
577
577
575
575
573
573
571
571
569
569
567
567
565
565
563
563
561
561
559
559
557
557
555
555
553
553
551
551
549
549
547
547
545
545
543
543
541
541
539
539
537
537
535
535
533
533
531
531
529
529
527
527
525
525
523
523
521
521
519
519
517
517
515
515
513
513
511
511
509
509
507
507
505
505
503
503
501
501
499
499
497
497
495
495
493
493
491
491
489
489
487
487
485
485
483
483
481
481
479
479
477
477
475
475
473
473
471
471
469
469
467
467
465
465
463
463
461
461
459
459
457
457
455
455
453
453
451
451
449
449
447
447
445
445
443
443
441
441
439
439
437
437
435
435
433
433
431
431
429
429
427
427
425
425
423
423
421
421
419
419
417
417
415
415
413
413
411
411
409
409
407
407
405
405
403
403
401
401
399
399
397
397
395
395
393
393
391
391
389
389
387
387
385
385
383
383
381
381
379
379
377
377
375
375
373
373
371
371
369
369
367
367
365
365
363
363
361
361
359
359
357
357
355
355
353
353
351
351
349
349
347
347
345
345
343
343
341
341
339
339
337
337
335
335
333
333
331
331
329
329
327
327
325
325
323
323
321
321
319
319
317
317
315
315
313
313
311
311
309
309
307
307
305
305
303
303
301
301
299
299
297
297
295
295
293
293
291
291
289
289
287
287
285
285
283
283
281
281
279
279
277
277
275
275
273
273
271
271
269
269
267
267
265
265
263
263
261
261
259
259
257
257
255
255
253
253
251
251
249
249
247
247
245
245
243
243
241
241
239
239
237
237
235
235
233
233
231
231
229
229
227
227
225
225
223
223
221
221
219
219
217
217
215
215
213
213
211
211
209
209
207
207
205
205
203
203
201
201
199
199
197
197
195
195
193
193
191
191
189
189
187
187
185
185
183
183
181
181
179
179
177
177
175
175
173
173
171
171
169
169
167
167
165
165
163
163
161
161
159
159
157
157
155
155
153
153
151
151
149
149
147
147
145
145
143
143
141
141
139
139
137
137
135
135
133
133
131
131
129
129
127
127
125
125
123
123
121
121
119
119
117
117
115
115
113
113
111
111
109
109
107
107
105
105
103
103
101
101
99
99
97
97
95
95
93
93
91
91
89
89
87
87
85
85
83
83
81
81
79
79
77
77
75
75
73
73
71
71
69
69
67
67
65
65
63
63
61
61
59
59
57
57
55
55
53
53
51
51
49
49
47
47
45
45
43
43
41
41
39
39
37
37
35
35
33
33
31
31
29
29
27
27
25
25
23
23
21
21
19
19
17
17
15
15
13
13
11
11
9
9
7
7
5
5
3
3

