100
3 1 5 15 13 11
3 0 8 23 22 21
3 0 7 28 9 18
3 0 2 21 0 1
2 2 0 17 6
2 0 6 1 5
2 0 9 2 24
3 0 9 24 27 2
2 1 5 30 16
1 0 0 17
2 2 9 27 25
1 0 3 1
2 0 7 17 17
1 0 3 24
2 1 9 3 19
2 0 10 30 30
1 0 4 1
3 0 9 2 2 27
2 0 10 27 22
3 0 4 1 8 9
1 0 3 30
3 0 4 8 8 8
1 1 7 22
1 0 4 9
1 1 4 10
3 1 6 17 30 28
2 0 3 5 30
1 0 4 9
3 3 2 11 2 10
2 0 7 18 21
1 0 1 0
1 0 6 25
1 0 7 17
3 1 6 30 14 14
2 0 5 10 23
1 0 5 19
3 0 6 25 7 15
1 0 3 6
1 0 0 0
3 1 3 14 22 23
3 0 7 0 29 30
2 1 10 27 26
3 3 0 8 27 27
3 1 7 17 17 28
1 0 9 7
2 0 8 21 20
1 0 5 11
3 1 2 3 2 3
2 1 1 4 0
1 0 9 24
1 0 6 14
1 0 4 8
2 1 2 2 2
3 0 9 16 19 8
1 0 1 27
3 1 0 0 29 15
3 3 2 27 13 16
1 0 6 15
3 3 1 13 3 11
3 0 10 12 5 16
3 3 3 15 14 21
1 0 0 16
2 1 10 27 27
1 0 10 19
2 1 4 5 6
3 0 8 1 1 26
3 1 8 21 20 20
1 1 10 20
3 0 3 6 14 21
3 1 10 23 20 15
3 3 6 15 24 17
1 0 3 5
3 0 8 12 2 21
3 2 7 17 18 17
1 0 5 11
1 1 8 22
2 1 10 5 30
3 1 4 9 8 21
2 0 5 26 28
2 0 10 26 11
2 1 4 6 20
3 1 9 23 24 23
3 1 2 3 2 23
1 1 8 21
1 1 3 20
1 1 5 18
1 0 1 10
1 1 5 9
3 3 7 24 22 22
2 2 1 20 19
1 0 0 30
3 3 10 23 25 11
2 1 2 3 2
3 0 5 23 0 2
1 0 0 29
1 0 8 4
1 0 7 30
1 0 8 21
1 1 8 28
1 0 9 23
