100
3 1 5 15 13 11
3 0 8 23 22 21
3 3 10 5 23 9
3 2 2 3 3 3
2 2 7 9 25
2 0 5 29 16
1 1 3 12
2 0 8 25 3
3 2 2 22 25 27
3 2 2 3 3 2
3 3 9 23 20 8
1 0 7 9
2 1 8 2 29
2 0 0 0 28
2 1 5 12 11
2 0 0 0 0
2 1 9 23 24
3 3 10 7 9 24
2 0 3 5 14
2 2 1 11 10
3 3 0 25 18 19
1 0 4 30
2 2 5 11 25
1 1 0 18
3 0 4 29 8 8
3 0 5 24 30 11
1 0 3 5
1 0 7 19
3 2 2 28 11 19
1 0 7 10
1 0 4 0
3 0 2 9 12 23
3 3 6 19 20 26
3 1 8 20 19 20
2 1 4 8 9
3 0 1 0 0 0
1 1 4 10
1 0 3 6
3 0 3 29 29 5
3 0 6 3 18 13
2 0 5 11 16
3 1 4 9 9 19
2 0 7 13 28
3 0 1 18 8 11
2 0 10 30 30
1 0 8 20
2 0 2 13 29
1 0 8 6
2 1 2 27 26
3 0 8 26 23 14
1 0 8 20
2 0 2 3 13
1 0 2 2
3 0 6 15 14 15
1 0 10 26
2 1 9 27 14
2 1 5 12 12
3 1 1 12 15 11
2 1 0 26 29
3 3 1 20 27 5
1 0 5 11
1 1 1 4
3 1 6 13 23 27
3 1 3 5 24 5
3 2 10 25 7 23
3 2 1 9 0 5
2 0 2 24 7
1 0 10 26
2 0 10 11 8
3 2 5 0 25 3
3 3 0 5 11 11
2 2 2 27 15
1 0 5 11
1 1 2 11
3 0 10 27 6 12
1 0 1 17
1 1 6 2
3 0 0 30 30 30
1 1 4 18
3 0 3 5 7 2
3 1 5 13 17 18
1 1 8 5
1 0 8 24
2 1 3 27 24
3 0 2 3 18 3
3 0 5 11 11 2
1 0 6 29
2 0 5 11 11
3 0 8 20 20 0
2 1 7 18 17
3 0 8 5 6 4
1 0 5 0
1 1 10 10
2 2 2 6 23
2 2 2 16 27
2 2 3 8 7
3 0 3 7 30 1
3 0 9 23 23 18
3 3 7 3 24 13
3 2 2 19 3 6
