100
17 15 5 4 21 16 26 10 14 26 18 8 7 6 26 22 4 27 14 4
4 4 8 10 17 27 26
64 10 6 29 17 14 20 23 18 13 7 27 17 14 14 1 26 4 4 20 3 5 5 18 5 3 11 13 11 9 2 30 28 10 15 10 7 21 16 25 23 29 19 23 10 19 16 4 6 18 28 11 30 24 29 12 2 29 16 9 1 4 4 30 24 1 23
37 29 8 10 10 4 11 29 19 3 3 19 19 23 19 26 22 20 20 24 8 19 22 28 6 11 26 25 26 14 13 21 4 8 8 11 23 12 21 19
90 19 4 14 3 16 13 4 21 16 2 14 25 26 14 26 30 12 23 2 19 17 13 23 13 5 13 13 25 9 14 15 10 27 28 1 21 18 29 30 6 2 21 10 17 27 18 14 12 24 4 9 23 2 16 15 29 10 8 17 27 14 15 18 15 11 3 19 9 28 30 22 7 16 7 21 1 12 7 17 1 15 12 22 3 12 4 4 12 1 16 14 4
93 93 4 25 16 17 14 11 1 30 6 17 2 26 10 22 30 27 13 17 20 23 20 10 9 24 21 14 22 5 15 15 12 27 4 16 13 25 8 10 26 4 22 29 7 8 8 22 13 25 11 6 3 11 18 9 7 21 11 27 10 19 4 24 15 9 9 1 11 15 9 6 6 21 30 9 9 1 11 17 3 27 20 27 26 7 5 6 2 12 5 2 20 24 1 11
64 26 0 2 27 7 26 19 18 18 26 5 10 19 12 27 4 29 5 6 8 27 11 7 14 30 8 10 5 24 6 10 2 17 9 18 15 14 16 19 12 19 7 10 26 21 25 5 17 20 30 26 15 29 30 10 6 24 8 12 27 14 27 20 24 5 25
36 33 0 9 13 1 7 5 11 18 24 6 14 8 18 10 12 23 7 9 20 19 4 23 7 4 22 23 18 27 19 10 10 11 22 30 3 21 29
80 32 3 9 13 24 17 17 1 5 3 27 7 2 26 25 9 3 26 9 18 9 10 18 20 10 26 17 9 8 25 29 22 15 5 24 17 20 9 1 16 26 29 13 27 24 29 24 28 6 20 8 1 7 24 13 4 24 13 26 30 14 24 28 14 8 6 23 23 21 28 13 28 4 15 30 10 8 9 28 8 18 14
33 31 10 24 3 16 4 30 28 22 8 23 13 25 16 23 11 7 4 4 30 13 11 23 9 19 9 20 10 3 4 5 17 1 9 18
23 15 9 17 27 20 17 8 24 15 25 5 22 2 18 9 16 24 8 21 15 20 28 14 13 6
27 25 1 23 25 9 21 26 16 2 26 5 30 21 6 16 10 8 20 30 3 14 14 11 6 16 18 28 11 23
59 40 9 23 7 29 14 15 21 19 24 18 27 20 29 18 19 6 9 18 26 2 20 28 4 28 13 17 24 14 16 30 24 24 21 18 5 20 6 7 29 15 18 13 14 15 12 15 30 3 8 17 19 30 19 7 23 6 3 28 12 2
85 6 6 21 19 12 16 1 22 28 24 21 3 28 25 3 8 22 23 27 21 21 8 30 16 26 8 5 22 11 6 28 26 15 1 27 25 11 6 6 25 17 6 16 20 23 11 14 12 22 17 7 24 13 25 22 6 25 17 28 24 25 18 27 27 15 27 29 17 12 6 6 19 28 17 27 28 4 26 22 11 4 4 29 7 14 5 21
41 27 3 22 2 15 4 22 26 29 7 27 15 8 17 1 18 23 11 28 29 11 28 30 26 15 27 9 23 18 16 29 19 25 21 11 11 12 6 3 2 13 21 14
80 74 6 19 16 11 3 5 24 9 26 1 10 29 27 10 1 25 18 8 26 11 18 30 14 7 5 6 15 1 30 5 19 20 6 20 6 29 8 17 20 11 21 9 5 23 5 7 9 17 18 25 27 22 19 4 3 20 26 4 22 23 18 12 10 6 7 12 22 16 8 28 21 11 20 15 14 20 2 26 22 28 5
41 8 5 8 28 29 3 24 18 30 30 20 18 14 20 7 19 23 1 30 8 20 10 4 18 8 11 26 19 10 9 12 7 26 8 10 6 9 16 16 7 5 29 10
6 6 8 9 1 1 16 21 4
47 41 9 14 13 3 18 2 22 10 6 28 25 17 15 1 17 25 10 25 28 14 17 5 1 25 17 18 2 22 28 1 29 13 18 18 25 3 14 21 12 9 27 7 20 18 13 10 27 22
66 41 8 17 28 21 22 26 22 9 22 3 28 15 21 17 14 29 21 27 26 13 16 12 10 6 25 10 4 6 9 4 21 4 17 24 2 22 6 1 21 11 10 12 3 14 6 3 17 23 11 21 30 30 23 21 27 5 23 28 7 6 15 7 30 27 24 23 30
13 9 9 22 25 10 25 26 10 13 12 17 3 16 6 29
3 3 4 28 29 11
50 16 10 28 9 18 28 20 29 5 18 29 26 30 20 29 22 25 25 30 3 27 9 8 22 5 27 5 3 22 11 30 14 3 28 6 20 18 21 25 14 2 7 15 26 3 25 6 2 19 19 15 3
66 10 5 18 23 29 27 24 6 24 1 20 16 24 17 24 12 4 25 29 23 26 24 21 3 25 16 5 30 6 28 29 21 30 25 10 11 30 28 4 22 19 25 26 4 23 22 25 4 23 13 3 12 18 24 12 28 21 22 22 30 8 14 20 19 15 2 10 15
94 44 6 27 12 1 14 7 18 15 21 24 22 13 18 17 28 17 7 17 26 14 2 6 8 3 4 20 18 19 5 14 6 25 17 27 7 13 23 20 21 13 24 22 23 12 24 24 11 3 26 10 29 28 12 15 15 10 3 27 28 9 25 18 26 19 2 27 12 24 10 7 20 14 3 2 22 16 3 19 22 22 27 2 3 8 9 5 27 9 29 7 17 11 19 22 21
61 12 4 1 20 20 9 6 29 17 14 6 30 8 12 19 2 15 13 6 18 13 11 21 10 17 4 2 29 3 29 24 24 8 10 29 26 11 21 10 10 13 20 4 21 10 19 24 7 16 30 25 17 10 20 18 12 14 20 20 18 19 25 4
63 56 2 4 27 18 1 23 5 10 26 8 26 2 6 6 17 19 27 28 7 19 8 12 21 26 9 18 13 17 15 28 5 18 5 10 5 26 2 20 16 28 4 16 14 17 11 25 2 17 18 13 24 10 29 14 22 9 13 9 9 21 22 2 14 30
81 53 1 15 29 15 30 22 28 23 20 18 14 25 24 12 25 30 3 1 9 16 11 28 11 3 22 25 23 13 8 18 24 9 21 17 29 19 9 7 1 22 7 14 19 15 2 7 6 24 10 1 2 3 9 18 11 18 4 22 11 3 16 14 30 8 25 11 30 10 17 10 13 9 28 13 15 25 28 19 21 21 3 23
93 28 6 21 23 13 23 25 18 20 17 21 29 29 24 18 22 20 2 28 23 9 7 18 12 22 13 16 5 1 11 18 15 21 22 21 29 2 24 10 23 14 5 23 29 24 11 10 5 29 1 29 25 11 14 25 9 12 26 5 16 22 8 27 27 25 4 27 27 25 11 2 14 20 9 7 1 26 26 27 23 10 9 17 9 1 8 1 23 12 28 18 5 15 14 9
90 55 2 4 3 13 11 1 2 10 27 7 8 8 30 9 26 14 18 20 28 22 20 26 6 1 7 20 21 27 21 3 10 7 7 18 12 5 12 3 7 15 18 14 18 13 8 15 20 18 18 28 16 13 21 3 13 7 10 15 22 20 26 19 11 29 1 13 27 8 18 30 8 5 1 2 4 6 12 1 7 29 23 25 22 26 2 29 26 4 14 10 3
65 26 3 25 23 4 17 24 14 19 27 27 23 4 2 7 14 11 16 23 12 17 2 20 15 14 6 25 5 14 9 18 16 6 28 11 25 2 4 15 22 26 19 4 12 29 6 9 16 30 26 26 30 30 26 1 20 11 21 19 14 15 15 19 7 4 5 20
11 0 6 3 4 19 22 24 25 3 29 9 23 7
9 6 3 5 19 12 9 9 30 9 7 17
9 3 1 20 19 5 4 2 12 21 27 18
86 72 3 15 26 22 17 6 29 16 25 15 24 6 16 7 4 10 30 22 15 16 5 3 9 14 3 25 12 2 30 22 26 30 23 27 20 29 30 13 11 1 3 27 17 18 24 26 4 1 25 5 3 29 5 1 18 6 3 16 1 6 10 19 12 24 30 14 4 12 8 6 1 11 3 6 23 12 2 19 4 6 25 9 30 16 27 30 4
4 3 4 8 20 29 6
14 2 0 27 23 11 7 29 27 1 13 9 5 17 28 7 3
52 38 1 20 21 11 4 27 22 30 18 28 19 6 21 15 6 29 20 6 23 23 26 18 1 5 1 14 17 24 19 4 5 10 15 24 20 3 2 13 3 4 7 11 27 2 15 7 21 2 30 29 6 10 22
78 28 5 2 9 24 8 1 21 13 13 11 21 5 26 6 10 20 15 7 22 16 17 13 3 1 21 15 26 12 27 19 6 8 2 2 26 29 23 19 20 13 7 15 1 20 17 1 17 28 18 27 13 18 1 10 3 8 10 4 7 24 29 13 14 30 17 26 10 9 16 17 7 11 26 24 8 11 23 27 8
78 66 6 10 1 20 8 7 18 9 19 22 9 6 6 26 7 24 14 7 7 4 30 3 19 17 4 22 10 29 5 8 28 4 10 12 22 21 10 28 26 16 29 17 12 18 19 21 2 9 20 7 28 6 6 15 17 16 3 25 30 2 3 14 2 14 2 15 9 18 2 13 6 5 21 10 30 26 16 10 7
12 11 4 9 2 16 15 25 4 29 4 18 9 6 1
65 10 7 27 15 18 10 11 28 2 9 16 30 7 17 27 28 25 19 25 11 6 10 7 19 29 23 26 6 9 17 18 11 22 19 21 29 13 25 10 12 26 9 11 12 3 7 2 26 13 3 3 17 5 25 1 8 9 16 16 29 16 25 1 6 27 28 3
72 17 5 22 29 10 13 11 12 24 12 26 26 26 21 10 25 18 29 17 8 10 29 6 3 1 7 30 11 22 29 9 5 14 18 20 26 4 4 25 13 19 1 29 5 1 2 16 13 25 2 16 3 26 11 8 2 5 18 4 5 19 21 17 25 11 20 18 15 25 2 8 25 2 21
52 29 6 3 20 22 19 26 1 11 23 23 13 9 17 9 29 29 22 26 6 30 7 15 30 10 9 8 21 4 24 22 4 6 23 27 29 8 27 22 21 13 23 11 11 12 14 1 15 21 10 20 14 12 25
13 7 5 14 23 15 17 19 9 19 17 7 8 15 27 20
17 15 3 18 19 16 11 22 1 17 20 20 30 6 15 9 30 12 13 22
66 48 9 6 22 12 19 28 27 12 20 23 26 23 23 17 15 20 8 4 17 26 3 9 11 3 22 13 29 26 29 21 12 3 3 12 11 8 2 18 11 2 25 8 6 17 26 12 28 18 15 27 12 23 29 27 7 6 13 10 6 22 7 2 29 5 8 15 20
54 15 9 3 8 12 22 26 9 6 23 21 22 22 28 18 14 18 8 13 18 6 30 9 10 18 25 8 24 19 4 30 22 15 22 4 6 9 4 3 15 17 24 15 6 5 30 16 14 20 19 22 3 30 18 9 9
62 6 5 20 25 28 28 4 11 23 16 22 23 17 11 1 8 14 26 10 23 25 23 28 13 25 16 19 1 2 14 3 1 16 26 26 30 22 2 13 27 26 17 25 13 5 19 1 8 23 13 7 2 5 24 26 11 21 9 15 7 13 20 1 24
53 48 9 22 15 13 7 25 26 13 7 23 10 17 24 19 24 26 1 4 2 15 4 20 11 4 22 4 25 19 2 2 11 23 5 7 2 24 30 10 21 25 13 14 18 6 2 27 4 19 30 24 30 20 8 30
55 4 3 14 4 20 11 25 20 10 21 10 14 5 8 23 2 2 7 11 10 27 8 11 8 22 4 15 4 2 22 1 23 3 10 8 30 2 27 26 5 26 5 30 10 14 4 24 18 3 11 3 18 12 4 30 28 3
68 2 7 7 6 22 17 10 17 23 22 24 5 24 19 13 14 19 6 19 2 25 25 15 17 10 5 15 15 9 7 12 30 10 27 16 28 18 24 17 12 12 12 20 16 21 29 28 19 16 27 3 1 11 14 23 7 20 3 3 23 11 8 26 14 2 11 24 8 6 1
68 63 3 26 23 20 15 11 10 1 26 15 14 5 21 6 25 19 9 2 11 10 12 14 4 3 6 30 12 28 28 6 28 29 6 28 23 15 28 1 16 6 12 14 1 8 12 5 2 20 3 6 29 28 21 8 27 6 4 4 23 22 14 4 8 28 21 30 6 5 30
38 25 1 20 19 15 30 4 9 9 13 18 16 13 25 6 27 28 14 29 30 27 23 23 12 14 12 24 24 27 7 6 16 6 24 13 30 16 20 28 26
12 3 9 14 20 1 8 6 2 12 27 20 12 11 26
19 17 0 1 17 29 28 5 17 2 13 11 7 8 7 24 18 20 5 26 21 10
36 6 6 12 19 19 30 19 10 15 11 20 24 30 1 8 24 26 14 28 27 17 30 24 4 18 15 8 13 22 11 18 17 27 29 4 8 23 24
88 76 8 1 14 8 27 3 7 7 5 17 12 29 9 26 28 21 4 4 24 11 26 12 29 20 25 2 2 19 25 7 9 25 1 6 20 13 17 16 24 29 27 9 21 8 17 11 17 7 2 20 27 17 23 13 23 24 2 21 27 9 12 4 3 18 7 15 29 17 28 18 24 10 24 22 20 26 28 5 15 20 8 12 14 18 23 2 10 13 15
56 8 1 14 26 15 4 12 16 17 12 6 17 1 1 13 8 15 4 26 15 24 6 6 7 21 1 14 6 9 24 17 19 6 1 25 6 17 9 29 9 27 23 16 20 9 13 10 26 8 23 13 1 11 2 11 3 20 8
22 20 2 3 19 22 12 8 11 7 21 6 7 26 8 5 24 12 4 4 26 17 26 25 11
84 32 8 12 25 30 1 6 9 23 3 20 28 16 26 12 16 22 8 5 20 2 2 23 12 26 22 20 19 20 2 5 22 13 15 10 4 12 15 4 14 11 23 10 27 30 21 22 7 6 19 26 18 3 28 26 5 13 22 14 24 1 17 15 7 9 7 22 25 6 1 4 23 19 13 29 7 28 29 18 7 7 14 26 7 4 18
93 27 7 19 18 18 27 4 23 27 22 20 13 24 18 25 5 17 9 13 30 26 29 7 1 17 24 25 27 20 7 22 7 22 16 17 18 16 25 15 15 21 14 27 5 14 15 28 23 9 1 16 30 6 9 14 19 22 22 30 26 13 17 30 22 28 26 16 1 21 30 14 16 20 1 17 1 11 16 20 3 25 26 15 29 14 21 26 23 25 2 8 17 12 9 23
7 0 5 14 17 29 2 5 25 21
4 2 7 9 23 25 5
53 22 0 29 21 8 21 17 17 11 21 20 19 4 11 8 12 23 28 14 14 22 10 30 1 11 29 24 28 19 14 23 1 19 14 28 10 17 27 13 13 20 26 9 5 15 24 15 17 30 9 26 15 12 10 5
72 21 8 18 6 12 7 15 17 6 18 20 25 13 30 6 26 11 5 17 17 2 17 25 11 8 5 12 18 17 11 2 16 1 5 27 12 9 1 17 10 25 26 9 12 28 1 15 12 1 13 19 10 4 5 10 26 9 16 8 7 2 23 24 30 23 13 17 3 5 7 2 3 6 19
61 14 10 3 17 15 4 19 20 16 4 23 18 16 7 26 19 11 2 9 27 15 20 17 21 18 29 4 20 26 27 20 4 7 5 14 24 16 13 27 13 5 22 17 10 25 14 3 28 2 3 20 27 26 13 26 29 26 24 27 9 25 12 11
76 11 2 30 6 13 4 7 18 1 12 8 30 6 24 1 14 10 21 20 2 11 5 8 9 7 25 30 12 13 25 3 20 14 29 24 12 24 10 7 3 25 13 26 16 5 15 13 21 16 14 7 2 8 1 15 4 12 22 6 30 1 2 6 16 25 22 6 23 10 5 29 16 27 28 18 6 5 18
84 77 10 2 5 29 7 9 11 29 6 26 1 29 18 19 16 12 4 13 20 6 15 30 28 21 10 29 28 25 26 23 16 10 23 15 20 16 15 22 16 25 5 27 25 20 13 10 3 30 5 19 24 15 20 21 29 23 7 12 2 21 25 11 4 9 13 22 4 29 9 3 14 6 20 18 12 19 23 16 22 8 3 11 24 22 30
7 6 9 18 14 18 25 27 3 21
1 1 2 11
97 15 5 20 22 27 18 4 20 11 8 30 17 2 23 4 24 20 23 5 13 10 27 23 21 24 17 15 4 2 2 30 6 22 15 28 29 16 13 30 21 30 24 5 2 20 24 10 1 14 7 12 6 29 11 21 1 30 13 30 26 25 5 3 29 28 29 11 28 3 9 3 4 2 20 5 13 16 25 30 21 18 12 23 21 5 22 21 13 5 18 21 2 28 25 28 12 28 3 2
12 9 6 22 20 1 21 4 17 18 19 7 17 13 14
77 37 1 8 3 1 25 24 19 25 10 24 22 2 13 21 16 27 11 21 29 18 8 28 25 3 13 19 28 22 12 16 16 12 11 19 9 27 24 11 25 26 21 17 27 11 8 24 19 17 25 28 11 8 13 22 4 12 10 6 1 6 19 26 10 16 20 11 17 22 25 30 25 18 10 23 27 24 19 14
23 2 6 10 15 14 30 17 9 16 25 21 18 24 12 13 19 8 7 26 23 16 9 2 16 15
6 4 10 7 20 26 22 18 27
43 35 7 2 13 12 12 30 19 27 6 28 24 8 27 30 3 25 30 23 8 14 21 5 21 14 22 18 20 9 19 15 11 13 22 15 16 13 23 18 12 6 14 25 6 10
96 25 6 7 8 4 18 9 2 19 18 1 18 22 10 13 25 23 30 14 20 28 27 19 12 13 4 19 30 18 22 5 19 2 17 7 25 17 3 11 15 25 3 5 29 19 2 16 6 6 26 18 1 14 29 3 27 19 29 30 8 27 16 10 19 12 29 23 13 8 1 6 27 21 24 6 27 25 29 5 3 24 26 2 28 18 3 30 12 26 10 22 15 12 11 24 29 10 1
9 8 3 28 23 23 28 22 20 11 22 28
87 37 7 20 26 8 26 6 4 20 14 20 20 14 28 24 26 9 15 15 8 25 22 20 7 13 22 21 5 22 10 15 15 20 9 29 25 1 5 14 2 12 29 27 18 22 7 3 2 2 9 30 4 22 19 28 7 26 12 4 1 8 25 9 25 5 26 20 16 14 3 5 30 27 7 24 22 28 28 10 2 26 17 17 9 7 24 27 17 23
75 13 6 26 8 1 11 4 16 5 27 14 16 8 7 15 8 23 16 12 12 24 8 14 26 6 16 7 17 28 12 11 24 17 28 10 30 30 20 10 30 12 29 24 18 15 28 9 17 27 15 17 20 27 18 30 11 5 6 3 16 15 24 24 4 17 20 3 3 12 26 1 21 23 30 7 19 15
69 56 5 1 26 6 3 13 28 13 20 25 6 1 6 14 10 4 25 6 22 7 3 26 26 27 22 27 18 7 25 8 25 20 19 29 6 28 4 16 12 7 19 2 18 8 10 27 24 10 6 8 25 7 4 9 20 24 2 25 10 27 6 23 13 18 18 11 10 12 19 15
71 11 9 17 12 20 28 24 8 8 6 26 23 20 6 13 8 8 2 28 2 11 22 4 9 14 28 2 26 14 9 25 16 22 1 28 8 5 15 13 25 22 17 3 29 6 13 6 26 7 21 2 26 3 11 21 5 5 12 28 14 11 10 14 2 15 8 9 7 28 9 26 27 30
51 42 2 11 22 11 28 27 22 9 15 4 15 22 7 2 25 18 5 25 25 13 10 25 28 21 17 28 10 10 21 14 19 5 26 21 23 14 13 19 16 1 7 10 19 8 6 16 10 5 28 27 22 18
23 11 2 6 11 23 2 20 17 16 27 5 7 7 3 16 15 18 28 28 15 12 30 20 29 8
65 23 0 16 9 20 14 12 20 17 8 8 1 6 13 13 7 29 1 4 6 7 22 13 30 14 16 20 18 23 14 22 18 17 25 12 10 1 15 18 12 16 14 6 29 3 18 18 9 10 13 22 22 11 2 21 5 26 24 14 29 5 4 2 23 20 27 21
76 8 7 6 27 23 20 9 16 23 9 4 5 10 26 27 14 21 5 17 3 6 12 19 24 14 17 18 21 22 6 30 23 15 3 4 13 5 1 19 8 6 27 7 11 5 4 5 26 12 5 29 15 12 13 11 16 26 11 7 14 28 28 19 16 28 14 9 1 16 25 1 4 6 5 11 13 29 24
23 6 3 7 28 11 10 8 24 5 7 29 12 4 18 19 12 19 30 3 29 17 2 16 26 22
39 32 9 29 27 8 1 24 18 8 4 23 30 22 6 5 26 15 16 26 8 2 7 19 22 20 15 30 19 25 4 6 15 28 18 18 7 20 2 7 25 20
88 71 2 7 21 4 2 11 27 11 9 28 30 15 1 5 30 30 22 5 10 17 28 1 3 14 21 28 19 8 24 1 11 29 24 14 11 8 27 4 20 7 29 8 17 24 17 23 6 18 15 13 12 19 4 20 30 4 21 14 3 24 17 12 11 4 17 17 8 11 3 25 6 2 18 28 1 23 8 26 26 1 25 25 26 20 11 8 16 15 23
30 25 9 23 30 28 28 27 16 14 2 13 30 27 15 22 6 20 9 21 23 22 22 18 2 13 15 25 22 22 27 30 16
4 4 6 28 9 14 11
53 42 5 16 24 7 20 4 11 26 28 22 15 9 20 18 21 22 4 23 4 2 11 12 26 26 18 24 17 12 14 13 6 20 26 9 22 21 13 13 15 15 19 6 11 27 3 3 30 30 29 8 15 12 10 1
40 34 3 5 11 21 26 24 9 25 27 7 16 5 27 16 12 28 10 29 13 23 22 21 9 4 4 5 1 19 2 2 14 30 13 4 4 3 17 15 7 26 22
77 76 8 3 20 20 8 27 15 10 26 7 14 18 10 26 4 6 30 12 10 29 12 21 29 5 26 22 24 6 7 26 26 19 24 21 29 1 2 15 14 9 24 3 29 11 17 6 11 29 6 27 21 19 10 23 28 1 15 10 2 5 19 6 13 8 28 2 18 17 23 8 30 5 20 8 17 4 1 1
74 49 6 8 5 28 23 2 18 25 27 2 4 26 19 19 26 9 10 30 7 21 11 16 26 27 17 6 3 28 12 4 4 25 25 17 3 14 27 29 5 4 11 4 1 6 28 21 22 19 4 18 10 29 25 17 12 19 17 4 3 29 11 19 24 2 17 7 9 10 9 9 10 12 14 6 15
70 13 7 24 17 30 21 5 20 8 5 17 4 21 5 16 15 24 6 13 2 6 12 26 15 26 7 27 12 28 15 14 28 22 19 12 15 21 1 24 8 13 12 30 8 18 10 14 13 5 11 13 5 5 27 4 25 24 19 27 12 13 3 3 12 13 8 14 7 7 19 2 16
58 39 1 7 29 10 25 26 13 8 9 25 9 30 13 5 28 17 4 18 11 26 19 8 11 28 5 30 8 7 13 25 18 25 24 3 12 29 8 17 25 7 3 4 7 30 22 22 26 1 15 1 24 4 22 19 28 8 14 13 5
6 4 9 14 4 22 25 21 3
89 47 6 21 24 5 11 1 5 1 4 26 26 26 29 14 16 7 7 11 20 19 22 28 29 2 29 19 11 1 6 24 18 27 26 25 19 22 3 6 6 28 17 21 15 23 10 8 2 16 26 20 16 5 8 23 18 29 16 6 17 11 30 19 13 2 3 5 3 26 27 13 18 3 5 22 10 24 28 3 1 20 19 14 10 2 29 17 9 24 10 16
