50
24
2 4 13
2 16 1
2 8 5
0
2 20 24
0
0
0
0
2 7 22
0
1 18
2 19 12
0
2 9 23
0
2 14 15
0
0
0
0
2 11 3
2 6 10
2 21 2
24
0
1 5
2 9 10
0
1 24
2 22 3
0
0
0
2 8 13
0
2 21 16
2 7 15
0
2 14 17
2 1 18
2 11 19
2 23 20
2 2 5
2 4 6
0
0
0
0
24
1 10
1 4
0
0
2 18 13
2 22 7
1 23
1 3
0
0
2 16 2
0
1 12
1 3
1 10
1 4
2 14 8
1 12
2 15 1
1 9
2 24 20
1 23
0
1 9
25
1 4
1 4
1 4
0
1 4
1 4
1 4
1 4
1 4
1 4
1 4
1 4
1 4
1 4
1 4
1 4
1 4
1 4
1 4
1 4
1 4
1 4
1 4
1 4
1 4
25
1 15
1 25
1 13
1 20
1 9
1 11
1 2
1 17
1 16
1 12
1 18
1 1
1 7
1 21
0
1 10
1 23
1 22
1 4
1 6
1 8
1 5
1 3
1 19
1 24
25
1 23
1 21
1 25
1 14
2 2 13
1 22
1 15
1 10
1 8
1 19
1 16
1 24
0
1 18
1 6
1 9
1 20
1 1
1 12
1 7
1 17
1 4
1 3
1 13
1 11
25
2 17 22
0
2 24 7
2 16 13
1 19
1 14
0
1 18
2 25 8
0
2 4 21
0
2 6 3
0
0
2 5 23
1 20
0
0
0
2 9 1
2 2 12
1 10
0
1 15
25
2 5 12
1 22
1 22
2 1 20
1 2
1 22
2 25 16
1 22
1 3
1 15
1 22
1 23
1 6
2 11 8
1 22
2 21 14
1 19
2 4 7
1 22
2 9 17
1 24
0
1 22
1 22
2 13 10
24
1 11
1 3
1 18
1 23
1 17
1 16
1 20
1 7
1 8
1 22
0
1 10
2 19 21
1 1
1 5
1 9
1 2
1 14
1 4
1 12
1 6
1 24
1 15
1 11
20
10 9 10 5 20 19 17 13 2 18 6
0
10 9 10 5 20 19 17 13 2 18 6
10 9 10 5 20 19 17 13 2 18 6
0
0
10 9 10 5 20 19 17 13 2 18 6
10 9 10 5 20 19 17 13 2 18 6
0
0
10 9 10 5 20 19 17 13 2 18 6
10 9 10 5 20 19 17 13 2 18 6
0
10 9 10 5 20 19 17 13 2 18 6
10 9 10 5 20 19 17 13 2 18 6
10 9 10 5 20 19 17 13 2 18 6
0
0
0
0
50
2 47 27
0
2 2 46
0
2 15 25
0
2 30 38
0
0
0
2 4 5
0
0
0
0
0
0
0
0
2 6 33
2 28 44
0
2 19 31
0
2 32 7
2 17 23
2 13 26
0
2 8 1
0
2 39 40
0
2 24 11
2 22 20
2 9 3
2 48 34
0
2 37 21
0
2 43 41
2 16 36
2 12 45
0
2 14 35
2 10 29
1 18
0
0
2 50 42
0
50
2 36 27
2 50 1
1 28
2 44 47
0
2 38 48
2 20 14
2 13 49
2 17 41
0
0
0
0
2 31 2
0
0
0
0
0
0
2 25 3
0
0
0
1 3
2 22 30
2 18 42
0
0
2 24 7
0
0
2 11 40
0
2 32 9
0
2 12 4
0
2 5 26
2 46 6
2 23 43
2 15 33
2 29 8
0
2 16 39
0
2 34 35
2 10 21
2 19 45
0
48
1 20
1 45
0
1 20
1 33
0
2 4 1
2 32 40
2 14 13
2 21 47
1 31
1 24
1 25
1 25
0
1 45
1 18
0
2 30 5
0
1 43
2 16 2
1 27
0
0
1 27
0
1 15
1 31
1 33
0
1 6
0
1 15
1 3
2 11 29
1 18
2 12 48
2 37 17
1 6
2 26 23
1 3
0
2 28 34
0
2 42 35
1 43
1 24
50
1 41
1 41
1 41
1 41
1 41
1 41
1 41
1 41
1 41
1 41
1 41
1 41
1 41
1 41
1 41
1 41
1 41
1 41
1 41
1 41
1 41
1 41
1 41
1 41
1 41
1 41
1 41
1 41
1 41
1 41
1 41
1 41
1 41
1 41
1 41
1 41
1 41
1 41
1 41
1 41
0
1 41
1 41
1 41
1 41
1 41
1 41
1 41
1 41
1 41
50
1 14
1 1
1 45
1 9
1 22
1 16
1 17
1 36
1 26
1 32
1 40
1 20
1 33
1 27
1 37
1 7
1 50
1 3
1 2
1 21
0
1 29
1 41
1 6
1 24
1 30
1 28
1 35
1 10
1 43
1 39
1 8
1 34
1 47
1 12
1 38
1 5
1 18
1 49
1 48
1 44
1 13
1 23
1 11
1 42
1 15
1 25
1 19
1 46
1 4
50
1 7
1 6
1 29
1 47
1 43
1 26
1 13
1 45
1 22
1 50
1 36
1 5
1 21
1 2
0
1 31
1 3
1 12
1 11
1 18
1 17
1 39
1 37
2 38 15
1 23
1 35
1 28
1 20
1 30
1 8
1 41
1 49
1 25
1 19
1 44
1 48
1 27
1 4
1 15
1 46
1 32
1 33
1 9
1 34
1 16
1 1
1 40
1 42
1 10
1 14
50
2 14 37
1 21
2 10 36
0
1 38
0
2 43 9
1 32
0
2 5 30
2 8 40
2 24 35
0
1 4
2 27 7
2 20 26
0
0
0
1 46
0
0
0
1 18
0
2 22 13
1 47
1 23
1 25
1 19
2 3 50
0
2 12 16
0
1 42
2 2 44
2 34 49
0
2 28 29
1 6
2 11 15
0
0
1 17
2 31 48
0
0
2 33 41
0
2 39 1
50
1 48
2 33 29
2 16 36
1 48
2 34 27
2 37 49
1 39
1 48
1 30
2 42 7
1 48
1 48
2 10 46
1 48
1 28
1 1
2 6 3
1 48
2 9 45
1 48
1 48
1 48
1 12
1 4
1 20
1 48
2 35 47
1 48
2 5 50
1 48
1 44
1 48
2 13 17
2 23 24
1 32
2 43 22
1 8
1 40
1 48
1 48
2 15 31
1 14
1 48
1 48
2 18 11
2 25 38
1 21
0
1 26
2 41 19
50
1 29
1 18
1 2
1 33
1 31
1 10
1 1
1 36
1 23
1 12
1 19
1 50
1 14
1 6
1 39
1 4
1 28
1 5
1 8
1 42
1 37
1 48
1 17
1 40
1 7
1 49
1 22
1 43
1 44
1 32
1 38
0
1 11
1 30
1 24
1 35
1 15
1 47
1 20
1 27
1 3
1 32
1 25
1 21
2 46 41
1 16
1 9
1 26
1 13
1 34
50
0
10 16 36 25 19 4 10 38 7 44 29
10 33 30 23 42 21 2 39 18 34 46
10 8 43 15 47 12 49 35 31 13 50
10 33 30 23 42 21 2 39 18 34 46
10 33 30 23 42 21 2 39 18 34 46
10 8 43 15 47 12 49 35 31 13 50
10 45 20 41 1 37 24 32 27 14 11
10 33 30 23 42 21 2 39 18 34 46
10 8 43 15 47 12 49 35 31 13 50
0
10 45 20 41 1 37 24 32 27 14 11
10 45 20 41 1 37 24 32 27 14 11
0
10 45 20 41 1 37 24 32 27 14 11
10 8 43 15 47 12 49 35 31 13 50
10 33 30 23 42 21 2 39 18 34 46
10 16 36 25 19 4 10 38 7 44 29
10 8 43 15 47 12 49 35 31 13 50
0
10 16 36 25 19 4 10 38 7 44 29
10 33 30 23 42 21 2 39 18 34 46
10 16 36 25 19 4 10 38 7 44 29
0
10 8 43 15 47 12 49 35 31 13 50
10 33 30 23 42 21 2 39 18 34 46
0
10 33 30 23 42 21 2 39 18 34 46
10 8 43 15 47 12 49 35 31 13 50
10 16 36 25 19 4 10 38 7 44 29
10 45 20 41 1 37 24 32 27 14 11
0
10 16 36 25 19 4 10 38 7 44 29
10 16 36 25 19 4 10 38 7 44 29
10 45 20 41 1 37 24 32 27 14 11
10 8 43 15 47 12 49 35 31 13 50
0
10 8 43 15 47 12 49 35 31 13 50
10 16 36 25 19 4 10 38 7 44 29
10 33 30 23 42 21 2 39 18 34 46
0
10 16 36 25 19 4 10 38 7 44 29
10 45 20 41 1 37 24 32 27 14 11
10 8 43 15 47 12 49 35 31 13 50
0
10 16 36 25 19 4 10 38 7 44 29
10 45 20 41 1 37 24 32 27 14 11
10 33 30 23 42 21 2 39 18 34 46
10 45 20 41 1 37 24 32 27 14 11
10 45 20 41 1 37 24 32 27 14 11
5
2 4 3
1 1
1 4
0
0
5
0
3 3 5 4
1 1
0
0
5
2 4 3
0
0
1 5
1 3
5
1 3
0
2 5 2
1 2
0
5
1 3
0
0
1 5
2 3 1
43
0
2 9 39
0
1 12
2 40 16
2 34 27
1 32
0
6 35 12 42 6 32 27
2 36 16
0
1 35
1 33
2 12 19
1 11
0
2 36 34
0
0
0
2 36 7
2 32 39
0
0
1 7
2 33 30
0
1 8
0
0
2 33 29
0
0
0
1 27
1 11
1 36
1 18
0
1 35
0
2 28 15
3 37 21 12
48
1 46
0
0
1 45
4 31 21 10 48
0
1 27
0
3 44 20 6
0
1 43
1 34
0
0
1 34
1 34
1 48
1 26
2 11 23
1 2
0
0
0
3 27 30 44
1 11
0
0
0
2 39 32
1 22
0
1 16
3 45 43 10
0
0
0
1 5
1 18
1 5
2 22 26
5 2 19 20 46 22
0
0
3 42 4 12
1 15
3 15 5 21
1 19
0
47
0
1 44
0
2 33 22
1 34
4 21 35 7 46
1 9
0
2 29 37
0
1 47
2 47 27
4 9 2 40 19
0
0
1 22
0
0
1 33
0
0
1 1
1 35
0
3 45 27 47
0
2 41 34
4 21 16 45 43
0
2 22 29
0
2 15 10
0
0
0
0
1 10
1 43
0
2 24 15
1 24
2 37 26
1 1
2 29 14
1 24
1 33
0
46
0
0
3 36 11 1
1 1
0
1 46
2 5 1
0
0
0
2 34 29
2 22 24
3 29 17 10
1 45
1 43
1 22
2 45 40
0
0
1 8
1 12
0
1 30
4 25 45 28 31
1 45
0
1 43
0
0
3 35 1 42
2 42 30
2 43 3
0
0
0
0
0
1 29
3 18 40 6
0
2 10 45
0
2 36 18
2 18 22
0
1 5
44
2 34 6
0
3 23 42 16
1 44
0
1 11
1 31
0
0
1 24
0
1 19
2 15 43
2 11 22
1 26
1 8
1 20
3 16 31 30
1 44
0
1 30
1 27
1 35
2 6 20
1 30
0
0
1 26
2 5 20
1 44
1 42
1 42
1 41
1 41
2 11 22
1 31
2 44 10
0
2 34 9
2 34 31
0
0
0
0
47
3 46 5 30
3 6 12 5
4 20 22 15 21
0
1 26
2 16 12
0
0
0
0
1 10
0
3 32 12 43
1 35
0
1 46
2 18 4
0
1 33
3 39 26 25
0
1 27
3 24 46 5
0
0
0
0
0
0
1 21
0
0
0
2 11 46
1 32
0
3 46 35 18
1 45
0
2 25 29
3 11 5 32
0
2 29 41
2 17 31
0
1 26
0
45
1 16
1 25
1 22
4 42 39 9 33
3 15 30 32
1 12
1 29
0
1 43
0
0
0
2 20 30
2 45 43
0
1 11
2 5 30
0
3 36 25 13
0
1 8
0
0
3 13 35 25
0
4 8 11 2 3
1 15
0
2 18 41
1 22
0
1 15
2 6 37
0
0
1 20
0
0
0
2 12 45
0
0
1 22
1 13
2 12 22
41
0
2 9 14
3 7 30 39
2 22 34
0
0
2 24 40
2 28 31
1 27
0
0
0
0
0
0
0
0
0
3 23 17 30
2 11 38
0
0
0
0
1 10
0
0
1 6
3 7 31 37
1 40
0
0
3 24 28 21
0
0
0
0
0
0
0
1 11
40
0
1 35
2 8 6
2 28 30
2 19 31
0
0
0
1 11
0
0
1 24
1 36
0
0
3 13 33 27
1 30
1 20
0
0
0
2 19 11
0
0
0
1 32
0
0
0
2 31 34
0
1 12
0
0
1 15
0
2 36 25
1 17
1 31
0
43
0
0
0
0
1 18
1 27
0
1 9
0
0
1 35
2 20 38
1 3
0
2 20 28
0
1 4
0
0
0
0
0
0
1 32
0
2 19 4
2 29 9
2 2 34
1 14
0
0
2 15 22
0
0
0
1 26
0
2 26 27
0
1 9
2 1 7
1 11
1 23
43
0
1 24
1 29
0
0
0
1 21
0
2 33 27
0
0
1 23
0
1 30
1 16
0
0
1 1
0
0
0
0
3 30 24 7
0
2 30 14
1 19
0
1 13
2 6 32
0
0
0
0
1 30
0
0
1 11
1 4
3 10 6 32
1 38
0
2 17 5
1 10
42
0
1 11
1 10
1 7
3 11 20 1
1 37
1 40
1 1
1 2
0
0
2 30 40
0
0
2 11 19
1 2
1 28
0
0
0
0
0
1 30
0
0
1 6
1 17
0
0
1 37
0
1 18
1 16
1 28
0
0
0
2 36 9
0
1 20
1 28
1 19
46
0
0
0
0
1 30
1 28
2 30 38
0
2 46 18
1 13
0
0
0
1 18
0
0
1 18
0
4 37 28 12 26
0
0
0
2 28 32
1 8
0
1 45
1 46
0
2 8 11
0
0
1 39
0
1 23
0
2 6 29
2 40 43
1 46
0
0
0
0
1 8
0
2 13 30
0
49
0
0
2 28 4
0
0
2 17 21
2 49 5
1 21
0
0
0
1 36
0
0
0
0
0
0
0
0
0
0
0
0
2 34 44
1 48
0
0
0
2 41 10
1 16
1 43
1 22
0
0
0
3 48 11 33
1 41
2 10 17
0
0
2 3 37
2 25 37
0
1 34
0
2 32 23
1 38
2 11 27
43
1 29
0
0
1 11
0
1 24
2 28 21
0
0
3 9 7 11
0
1 39
0
0
1 24
0
1 39
1 10
0
2 29 43
0
1 17
0
0
1 33
0
1 24
1 39
0
0
2 20 11
1 11
1 30
2 2 28
1 30
0
1 39
0
0
0
2 10 29
0
0
46
0
1 5
1 29
0
1 30
0
0
1 42
1 46
0
0
2 9 28
0
0
1 5
1 30
0
3 41 3 15
3 41 46 34
1 5
1 42
0
1 28
0
2 12 41
2 41 14
1 10
0
0
2 7 14
0
0
0
0
1 7
1 44
0
0
0
0
0
0
0
1 38
2 7 23
0
42
0
2 36 19
0
0
1 31
0
1 13
1 11
0
0
0
0
2 9 41
0
0
1 33
0
2 7 5
1 34
0
0
0
0
2 9 17
0
1 25
0
1 27
1 11
0
0
1 35
0
0
0
5 11 37 29 17 41
2 33 17
2 29 35
0
2 1 28
0
0
46
0
1 14
0
0
1 36
0
0
2 16 29
0
0
0
1 26
3 22 7 23
0
0
1 24
2 14 30
1 34
1 20
0
0
0
2 34 45
0
0
0
1 34
0
0
2 1 14
2 38 9
0
1 43
0
0
3 32 43 27
1 20
0
0
0
2 3 42
0
2 40 24
1 35
0
0
49
0
1 43
0
0
0
1 46
0
0
0
0
0
0
2 34 4
0
1 19
0
0
0
0
0
1 26
0
0
1 21
0
0
1 14
1 30
2 8 39
0
0
0
0
0
1 17
0
1 47
0
0
0
0
0
0
1 26
1 16
0
0
1 31
0
48
0
0
0
0
1 34
0
0
0
0
0
0
2 25 45
0
0
0
0
0
0
1 29
0
0
0
0
2 43 15
0
0
0
2 16 17
0
0
0
0
1 30
1 15
0
0
0
1 30
1 15
0
2 17 18
1 45
0
0
0
1 43
0
0
48
0
1 7
0
1 15
0
0
0
0
0
0
0
0
0
1 5
1 6
1 37
0
0
0
0
0
1 3
1 28
1 5
1 3
0
0
0
0
0
0
2 8 31
0
0
0
0
0
0
1 40
0
0
0
0
0
0
0
2 40 18
2 47 43
49
2 24 39
0
0
1 9
2 11 30
0
1 45
0
0
0
1 6
1 30
0
0
0
1 21
0
0
0
0
0
0
1 41
1 35
0
1 21
1 36
0
0
0
0
0
0
1 31
0
0
1 11
0
0
0
0
1 18
0
0
0
0
0
0
0
46
0
0
0
0
1 14
0
0
0
2 10 22
0
0
0
0
0
1 6
0
0
0
0
1 33
0
0
0
3 32 37 21
0
0
1 28
0
0
0
0
0
0
0
0
0
0
1 43
1 6
0
1 19
1 46
0
0
1 2
1 19
45
0
0
0
1 3
0
0
1 20
1 17
0
0
0
1 15
0
1 32
0
1 42
0
0
0
0
0
1 24
1 17
1 29
0
0
0
0
0
0
1 3
0
0
0
0
0
3 24 33 2
0
0
1 13
0
0
0
0
1 15
49
0
0
0
1 3
0
0
0
0
1 2
1 4
1 47
0
0
0
2 39 6
0
0
1 12
0
0
0
1 17
1 42
0
0
1 34
1 39
1 12
0
0
1 1
0
0
0
0
0
0
1 14
0
0
0
0
0
0
1 12
0
0
0
1 6
